37.00
37.00
37.00
37.00
37.00
37.00
37.00
37.00
37.00
37.00
37.00
37.00
37.00
37.00
37.00
37.00
37.01
37.01
37.01
37.01
37.02
37.02
37.03
37.03
37.04
37.05
37.06
37.07
37.08
37.09
37.10
37.12
37.13
37.15
37.16
37.18
37.20
37.22
37.24
37.26
37.28
37.31
37.33
37.36
37.38
37.41
37.44
37.46
37.49
37.52
37.55
37.58
37.61
37.65
37.68
37.71
37.74
37.78
37.81
37.85
37.88
37.91
37.95
37.99
38.02
38.06
38.09
38.13
38.17
38.20
38.24
38.28
38.32
38.35
38.39
38.43
38.47
38.50
38.54
38.58
38.62
38.65
38.69
38.73
38.77
38.81
38.84
38.88
38.92
38.96
38.99
39.03
39.07
39.11
39.14
39.18
39.22
39.26
39.29
39.33
39.37
39.40
39.44
39.48
39.52
39.55
39.59
39.62
39.66
39.70
39.73
39.77
39.80
39.84
39.87
39.91
39.95
39.98
40.02
40.05
40.09
40.12
40.15
40.19
40.22
40.26
40.29
40.32
40.36
40.39
40.43
40.46
40.49
40.52
40.56
40.59
40.62
40.66
40.69
40.72
40.75
40.78
40.82
40.85
40.88
40.91
40.94
40.97
41.00
41.03
41.07
41.10
41.13
41.16
41.19
41.22
41.25
41.28
41.31
41.34
41.37
41.40
41.42
41.45
41.48
41.51
41.54
41.57
41.60
41.63
41.65
41.68
41.71
41.74
41.77
41.79
41.82
41.85
41.88
41.90
41.93
41.96
41.98
42.01
42.04
42.06
42.09
42.12
42.14
42.17
42.19
42.22
42.25
42.27
42.30
42.32
42.35
42.37
42.40
42.42
42.45
42.47
42.50
42.52
42.54
42.57
42.59
42.62
42.64
42.67
42.69
42.71
42.74
42.76
42.78
42.81
42.83
42.85
42.87
42.90
42.92
42.94
42.97
42.99
43.01
43.03
43.05
43.08
43.10
43.12
43.14
43.16
43.19
43.21
43.23
43.25
43.27
43.29
43.31
43.33
43.35
43.37
43.40
43.42
43.44
43.46
43.48
43.50
43.52
43.54
43.56
43.58
43.60
43.62
43.64
43.66
43.67
43.69
43.71
43.73
43.75
43.77
43.79
43.81
43.83
43.85
43.86
43.88
43.90
43.92
43.94
43.96
43.97
43.99
44.01
44.03
44.05
44.06
44.08
44.10
44.12
44.13
44.15
44.17
44.18
44.20
44.22
44.24
44.25
44.27
44.29
44.30
44.32
44.34
44.35
44.37
44.38
44.40
44.42
44.43
44.45
44.46
44.48
44.50
44.51
44.53
44.54
44.56
44.57
44.59
44.61
44.62
44.64
44.65
44.67
44.68
44.70
44.71
44.73
44.74
44.75
44.77
44.78
44.80
44.81
44.83
44.84
44.86
44.87
44.88
44.90
44.91
44.93
44.94
44.95
44.97
44.98
44.99
45.01
45.02
45.03
45.05
45.06
45.07
45.09
45.10
45.11
45.13
45.14
45.15
45.17
45.18
45.19
45.20
45.22
45.23
45.24
45.25
45.27
45.28
45.29
45.30
45.31
45.33
45.34
45.35
45.36
45.38
45.39
45.40
45.41
45.42
45.43
45.45
45.46
45.47
45.48
45.49
45.50
45.51
45.53
45.54
45.55
45.56
45.57
45.58
45.59
45.60
45.61
45.62
45.64
45.65
45.66
45.67
45.68
45.69
45.70
45.71
45.72
45.73
45.74
45.75
45.76
45.77
45.78
45.79
45.80
45.81
45.82
45.83
45.84
45.85
45.86
45.87
45.88
45.89
45.90
45.91
45.92
45.93
45.94
45.95
45.96
45.97
45.97
45.98
45.99
46.00
46.01
46.02
46.03
46.04
46.05
46.06
46.07
46.07
46.08
46.09
46.10
46.11
46.12
46.13
46.13
46.14
46.15
46.16
46.17
46.18
46.19
46.19
46.20
46.21
46.22
46.23
46.23
46.24
46.25
46.26
46.27
46.27
46.28
46.29
46.30
46.31
46.31
46.32
46.33
46.34
46.35
46.35
46.36
46.37
46.38
46.38
46.39
46.40
46.41
46.41
46.42
46.43
46.43
46.44
46.45
46.46
46.46
46.47
46.48
46.48
46.49
46.50
46.51
46.51
46.52
46.53
46.53
46.54
46.55
46.55
46.56
46.57
46.57
46.58
46.59
46.59
46.60
46.61
46.61
46.62
46.63
46.63
46.64
46.64
46.65
46.66
46.66
46.67
46.68
46.68
46.69
46.69
46.70
46.71
46.71
46.72
46.72
46.73
46.74
46.74
46.75
46.75
46.76
46.77
46.77
46.78
46.78
46.79
46.79
46.80
46.81
46.81
46.82
46.82
46.83
46.83
46.84
46.84
46.85
46.85
46.86
46.87
46.87
46.88
46.88
46.89
46.89
46.90
46.90
46.91
46.91
46.92
46.92
46.93
46.93
46.94
46.94
46.95
46.95
46.96
46.96
46.97
46.97
46.98
46.98
46.99
46.99
47.00
47.00
47.01
47.01
47.02
47.02
47.03
47.03
47.03
47.04
47.04
47.05
47.05
47.06
47.06
47.07
47.07
47.08
47.08
47.08
47.09
47.09
47.10
47.10
47.11
47.11
47.11
47.12
47.12
47.13
47.13
47.14
47.14
47.14
47.15
47.15
47.16
47.16
47.16
47.17
47.17
47.18
47.18
47.18
47.19
47.19
47.20
47.20
47.20
47.21
47.21
47.22
47.22
47.22
47.23
47.23
47.23
47.24
47.24
47.25
47.25
47.25
47.26
47.26
47.26
47.27
47.27
47.27
47.28
47.28
47.28
47.29
47.29
47.30
47.30
47.30
47.31
47.31
47.31
47.32
47.32
47.32
47.33
47.33
47.33
47.34
47.34
47.34
47.35
47.35
47.35
47.36
47.36
47.36
47.36
47.37
47.37
47.37
47.38
47.38
47.38
47.39
47.39
47.39
47.40
47.40
47.40
47.40
47.41
47.41
47.41
47.42
47.42
47.42
47.43
47.43
47.43
47.43
47.44
47.44
47.44
47.45
47.45
47.45
47.45
47.46
47.46
47.46
47.46
47.47
47.47
47.47
47.48
47.48
47.48
47.48
47.49
47.49
47.49
47.49
47.50
47.50
47.50
47.50
47.51
47.51
47.51
47.51
47.52
47.52
47.52
47.52
47.53
47.53
47.53
47.53
47.54
47.54
47.54
47.54
47.55
47.55
47.55
47.55
47.56
47.56
47.56
47.56
47.56
47.57
47.57
47.57
47.57
47.58
47.58
47.58
47.58
47.58
47.59
47.59
47.59
47.59
47.60
47.60
47.60
47.60
47.60
47.61
47.61
47.61
47.61
47.61
47.62
47.62
47.62
47.62
47.62
47.63
47.63
47.63
47.63
47.63
47.64
47.64
47.64
47.64
47.64
47.65
47.65
47.65
47.65
47.65
47.66
47.66
47.66
47.66
47.66
47.67
47.67
47.67
47.67
47.67
47.67
47.68
47.68
47.68
47.68
47.68
47.68
47.69
47.69
47.69
47.69
47.69
47.70
47.70
47.70
47.70
47.70
47.70
47.71
47.71
47.71
47.71
47.71
47.71
47.72
47.72
47.72
47.72
47.72
47.72
47.72
47.73
47.73
47.73
47.73
47.73
47.73
47.74
47.74
47.74
47.74
47.74
47.74
47.74
47.75
47.75
47.75
47.75
47.75
47.75
47.76
47.76
47.76
47.76
47.76
47.76
47.76
47.77
47.77
47.77
47.77
47.77
47.77
47.77
47.77
47.78
47.78
47.78
47.78
47.78
47.78
47.78
47.79
47.79
47.79
47.79
47.79
47.79
47.79
47.79
47.80
47.80
47.80
47.80
47.80
47.80
47.80
47.80
47.81
47.81
47.81
47.81
47.81
47.81
47.81
47.81
47.82
47.82
47.82
47.82
47.82
47.82
47.82
47.82
47.82
47.83
47.83
47.83
47.83
47.83
47.83
47.83
47.83
47.83
47.84
47.84
47.84
47.84
47.84
47.84
47.84
47.84
47.84
47.85
47.85
47.85
47.85
47.85
47.85
47.85
47.85
47.85
47.85
47.86
47.86
47.86
47.86
47.86
47.86
47.86
47.86
47.86
47.86
47.87
47.87
47.87
47.87
47.87
47.87
47.87
47.87
47.87
47.87
47.87
47.88
47.88
47.88
47.88
47.88
47.88
47.88
47.88
47.88
47.88
47.88
47.89
47.89
47.89
47.89
47.89
47.89
47.89
47.89
47.89
47.89
47.89
47.90
47.90
47.90
47.90
47.90
47.90
47.90
47.90
47.90
47.90
47.90
47.90
47.90
47.91
47.91
47.91
47.91
47.91
47.91
47.91
47.91
47.91
47.91
47.91
47.91
47.91
47.92
47.92
47.92
47.92
47.92
47.92
47.92
47.92
47.92
47.92
47.92
47.92
47.92
47.93
47.93
47.93
47.93
47.93
47.93
47.93
47.93
47.93
47.93
47.93
47.93
47.93
47.93
47.93
47.94
47.94
47.94
47.94
47.94
47.94
47.94
47.94
47.94
47.94
47.94
47.94
47.94
47.94
47.94
47.94
47.95
47.95
47.95
47.95
47.95
47.95
47.95
47.95
47.95
47.95
47.95
47.95
47.95
47.95
47.95
47.95
47.95
47.96
47.96
47.96
47.96
47.96
47.96
47.96
47.96
47.96
47.96
47.96
47.96
47.96
47.96
47.96
47.96
47.96
47.96
47.97
47.97
47.97
47.97
47.97
47.97
47.97
47.97
47.97
47.97
47.97
47.97
47.97
47.97
47.97
47.97
47.97
47.97
47.97
47.97
47.98
47.98
47.98
47.98
47.98
47.98
47.98
47.98
47.98
47.98
47.98
47.98
47.98
47.98
47.98
47.98
47.98
47.98
47.98
47.98
47.98
47.98
47.99
47.99
47.99
47.99
47.99
47.99
47.99
47.99
47.99
47.99
47.99
47.99
47.99
47.99
47.99
47.99
47.99
47.99
47.99
47.99
47.99
47.99
47.99
47.99
48.00
48.00
48.00
48.00
48.00
48.00
48.00
48.00
48.00
48.00
48.00
48.00
48.00
48.00
48.00
48.00
48.00
48.00
48.00
48.00
48.00
48.00
48.00
48.00
48.00
48.00
48.00
48.01
48.01
48.01
48.01
48.01
48.01
48.01
48.01
48.01
48.01
48.01
48.01
48.01
48.01
48.01
48.01
48.01
48.01
48.01
48.01
48.01
48.01
48.01
48.01
48.01
48.01
48.01
48.01
48.01
48.01
48.02
48.02
48.02
48.02
48.02
48.02
48.02
48.02
48.02
48.02
48.02
48.02
48.02
48.02
48.02
48.02
48.02
48.02
48.02
48.02
48.02
48.02
48.02
48.02
48.02
48.02
48.02
48.02
48.02
48.02
48.02
48.02
48.02
48.02
48.02
48.03
48.03
48.03
48.03
48.03
48.03
48.03
48.03
48.03
48.03
48.03
48.03
48.03
48.03
48.03
48.03
48.03
48.03
48.03
48.03
48.03
48.03
48.03
48.03
48.03
48.03
48.03
48.03
48.03
48.03
48.03
48.03
48.03
48.03
48.03
48.03
48.03
48.03
48.03
48.03
48.03
48.03
48.04
48.04
48.04
48.04
48.04
48.04
48.04
48.04
48.04
48.04
48.04
48.04
48.04
48.04
48.04
48.04
48.04
48.04
48.04
48.04
48.04
48.04
48.04
48.04
48.04
48.04
48.04
48.04
48.04
48.04
48.04
48.04
48.04
48.04
48.04
48.04
48.04
48.04
48.04
48.04
48.04
48.04
48.04
48.04
48.04
48.04
48.04
48.04
48.04
48.04
48.04
48.05
48.05
48.05
48.05
48.05
48.05
48.05
48.05
48.05
48.05
48.05
48.05
48.05
48.05
48.05
48.05
48.05
48.05
48.05
48.05
48.05
48.05
48.05
48.05
48.05
48.05
48.05
48.05
48.05
48.05
48.05
48.05
48.05
48.05
48.05
48.05
48.05
48.05
48.05
48.05
48.05
48.05
48.05
48.05
48.05
48.05
48.05
48.05
48.05
48.05
48.05
48.05
48.05
48.05
48.05
48.05
48.05
48.05
48.05
48.05
48.05
48.05
48.05
48.05
48.05
48.06
48.06
48.06
48.06
48.06
48.06
48.06
48.06
48.06
48.06
48.06
48.06
48.06
48.06
48.06
48.06
48.06
48.06
48.06
48.06
48.06
48.06
48.06
48.06
48.06
48.06
48.06
48.06
48.06
48.06
48.06
48.06
48.06
48.06
48.06
48.06
48.06
48.06
48.06
48.06
48.06
48.06
48.06
48.06
48.06
48.06
48.06
48.06
48.06
48.06
48.06
48.06
48.06
48.06
48.06
48.06
48.06
48.06
48.06
48.06
48.06
48.06
48.06
48.06
48.06
48.06
48.06
48.06
48.06
48.06
48.06
48.06
48.06
48.06
48.06
48.06
48.06
48.06
48.06
48.06
48.06
48.06
48.06
48.06
48.06
48.06
48.06
48.06
48.06
48.06
48.06
48.06
48.06
48.07
48.07
48.07
48.07
48.07
48.07
48.07
48.07
48.07
48.07
48.07
48.07
48.07
48.07
48.07
48.07
48.07
48.07
48.07
48.07
48.07
48.07
48.07
48.07
48.07
48.07
48.07
48.07
48.07
48.07
48.07
48.07
48.07
48.07
48.07
48.07
48.07
48.07
48.07
48.07
48.07
48.07
48.07
48.07
48.07
48.07
48.07
48.07
48.07
48.07
48.07
48.07
48.07
48.07
48.07
48.07
48.07
48.07
48.07
48.07
48.07
48.07
48.07
48.07
48.07
48.07
48.07
48.07
48.07
48.07
48.07
48.07
48.07
48.07
48.07
48.07
48.07
48.07
48.07
48.07
48.07
48.07
48.07
48.07
48.07
48.07
48.07
48.07
48.07
48.07
48.07
48.07
48.07
48.07
48.07
48.07
48.07
48.07
48.07
48.07
48.07
48.07
48.07
48.07
48.07
48.07
48.07
48.07
48.07
48.07
48.07
48.07
48.07
48.07
48.07
48.07
48.07
48.07
48.07
48.07
48.07
48.07
48.07
48.07
48.07
48.07
48.07
48.07
48.07
48.07
48.07
48.07
48.07
48.07
48.07
48.07
48.07
48.07
48.07
48.07
48.07
48.07
48.07
48.07
48.07
48.07
48.07
48.07
48.07
48.07
48.07
48.07
48.07
48.07
48.07
48.07
48.07
48.07
48.08
48.08
48.08
48.08
48.08
48.08
48.08
48.08
48.08
48.08
48.08
48.08
48.08
48.08
48.08
48.08
48.08
48.08
48.08
48.08
48.08
48.08
48.08
48.08
48.08
48.08
48.08
48.08
48.08
48.08
48.08
48.08
48.08
48.08
48.08
48.08
48.08
48.08
48.08
48.08
48.08
48.08
48.08
48.08
48.08
48.08
48.08
48.08
48.08
48.08
48.08
48.08
48.08
48.08
48.08
48.08
48.08
48.08
48.08
48.08
48.08
48.08
48.08
48.08
48.08
48.08
48.08
48.08
48.08
48.08
48.08
48.08
48.08
48.08
48.08
48.08
48.08
48.08
48.08
48.08
48.08
48.08
48.08
48.08
48.08
48.08
48.08
48.08
48.08
48.08
48.08
48.08
48.08
48.08
48.08
48.08
48.08
48.08
48.08
48.08
48.08
48.08
48.08
48.08
48.08
48.08
48.08
48.08
48.08
48.08
48.08
48.08
48.08
48.08
48.08
48.08
48.08
48.08
48.08
48.08
48.08
48.08
48.08
48.08
48.08
48.08
48.08
48.08
48.08
48.08
48.08
48.08
48.08
48.08
48.08
48.08
48.08
48.08
48.08
48.08
48.08
48.08
48.08
48.08
48.08
48.08
48.08
48.08
48.08
48.08
48.08
48.08
48.08
48.08
48.08
48.08
48.08
48.08
48.08
48.08
48.08
48.08
48.08
48.08
48.08
48.08
48.08
48.08
48.08
48.08
48.08
48.08
48.08
48.08
48.08
48.08
48.08
48.08
48.08
48.08
48.08
48.08
48.08
48.08
48.08
48.08
48.08
48.08
48.08
48.08
48.08
48.08
48.08
48.08
48.08
48.08
48.08
48.08
48.08
48.08
48.08
48.08
48.08
48.08
48.08
48.08
48.08
48.08
48.08
48.08
48.08
48.08
48.08
48.08
48.08
48.08
48.08
48.08
48.08
48.08
48.08
48.08
48.08
48.08
48.08
48.08
48.08
48.08
48.08
48.08
48.08
48.08
48.08
48.08
48.08
48.08
48.08
48.08
48.08
48.08
48.08
48.08
48.08
48.08
48.08
48.08
48.08
48.08
48.08
48.08
48.08
48.08
48.08
48.08
48.08
48.08
48.08
48.08
48.08
48.08
48.08
48.08
48.08
48.08
48.08
48.08
48.08
48.08
48.08
48.08
48.08
48.08
48.08
48.08
48.08
48.08
48.08
48.08
48.08
48.08
48.08
48.08
48.08
48.08
48.08
48.08
48.08
48.08
48.08
48.08
48.08
48.08
48.08
48.08
48.08
48.08
48.08
48.08
48.08
48.08
48.08
48.08
48.08
48.08
48.08
48.08
48.08
48.08
48.08
48.08
48.08
48.08
48.08
48.08
48.08
48.08
48.08
48.08
48.08
48.08
48.08
48.08
48.08
48.08
48.08
48.08
48.08
48.08
48.08
48.08
48.08
48.08
48.08
48.08
48.08
48.08
48.08
48.08
48.08
48.08
48.08
48.08
48.08
48.08
48.08
48.08
48.08
48.08
48.08
48.08
48.08
48.08
48.08
48.08
48.08
48.08
48.08
48.08
48.08
48.08
48.08
48.08
48.08
48.08
48.08
48.08
48.08
48.08
48.08
48.08
48.08
48.08
48.08
48.08
48.08
48.08
48.08
48.08
48.08
48.08
48.08
48.08
48.08
48.08
48.08
48.08
48.08
48.08
48.08
48.08
48.08
48.08
48.08
48.08
48.08
48.08
48.08
48.08
48.08
48.08
48.08
48.08
48.08
48.08
48.08
48.08
48.08
48.08
48.08
48.08
48.08
48.08
48.08
48.08
48.08
48.08
48.08
48.08
48.08
48.08
48.08
48.08
48.08
48.08
48.08
48.08
48.08
48.08
48.08
48.08
48.08
48.08
48.08
48.08
48.08
48.08
48.08
48.08
48.08
48.08
48.08
48.08
48.08
48.08
48.08
48.08
48.08
48.08
48.08
48.08
48.08
48.08
48.08
48.08
48.08
48.08
48.08
48.08
48.08
48.08
48.08
48.08
48.08
48.08
48.08
48.08
48.08
48.08
48.08
48.08
48.08
48.08
48.08
48.08
48.08
48.08
48.08
48.08
48.08
48.08
48.08
48.08
48.08
48.08
48.08
48.08
48.08
48.08
48.08
48.08
48.08
48.08
48.08
48.08
48.08
48.08
48.08
48.08
48.08
48.08
48.08
48.08
48.08
48.08
48.08
48.08
48.08
48.08
48.08
48.08
48.08
48.08
48.08
48.08
48.08
48.08
48.08
48.08
48.08
48.08
48.08
48.08
48.08
48.08
48.08
48.08
48.08
48.08
48.08
48.08
48.08
48.08
48.08
48.08
48.08
48.08
48.08
48.08
48.08
48.08
48.08
48.08
48.08
48.08
48.08
48.08
48.08
48.08
48.08
48.08
48.08
48.08
48.08
48.08
48.08
48.08
48.08
48.08
48.08
48.08
48.08
48.08
48.08
48.08
48.08
48.08
48.08
48.08
48.08
48.08
48.08
48.08
48.08
48.08
48.08
48.08
48.08
48.08
48.08
48.08
48.08
48.08
48.08
48.08
48.08
48.08
48.08
48.08
48.08
48.08
48.08
48.08
48.08
48.08
48.08
48.08
48.08
48.08
48.08
48.08
48.08
48.08
48.08
48.08
48.08
48.08
48.08
48.08
48.08
48.08
48.08
48.08
48.08
48.08
48.08
48.08
48.08
48.08
48.08
48.08
48.08
48.08
48.08
48.08
48.08
48.08
48.08
48.08
48.08
48.08
48.08
48.08
48.08
48.08
48.08
48.08
48.08
48.08
48.08
48.08
48.08
48.08
48.08
48.08
48.08
48.08
48.08
48.08
48.08
48.08
48.08
48.08
48.08
48.08
48.08
48.08
48.08
48.08
48.08
48.08
48.08
48.08
48.08
48.08
48.08
48.08
48.08
48.08
48.08
48.08
48.08
48.08
48.08
48.08
48.08
48.08
48.08
48.08
48.08
48.08
48.08
48.08
48.08
48.08
48.08
48.08
48.08
48.08
48.08
48.08
48.08
48.08
48.08
48.08
48.08
48.08
48.08
48.08
48.08
48.08
48.08
48.08
48.08
48.08
48.08
48.08
48.08
48.08
48.08
48.08
48.08
48.08
48.08
48.08
48.08
48.08
48.08
48.08
48.08
48.08
48.08
48.08
48.08
48.08
48.08
48.08
48.08
48.08
48.08
48.08
48.08
48.08
48.08
48.08
48.08
48.08
48.08
48.08
48.08
48.08
48.08
48.08
48.08
48.08
48.08
48.08
48.08
48.08
48.08
48.08
48.08
48.08
48.08
48.08
48.08
48.08
48.08
48.08
48.08
48.08
48.08
48.08
48.08
48.08
48.08
48.08
48.08
48.08
48.08
48.08
48.08
48.08
48.08
48.08
48.08
48.08
48.08
48.08
48.08
48.08
48.08
48.08
48.08
48.08
48.08
48.08
48.08
48.08
48.08
48.08
48.08
48.08
48.08
48.08
48.08
48.08
48.08
48.08
48.08
48.08
48.08
48.08
48.08
48.08
48.08
48.08
48.08
48.08
48.08
48.08
48.08
48.08
48.08
48.08
48.08
48.08
48.08
48.08
48.08
48.08
48.08
48.08
48.08
48.08
48.08
48.08
48.08
48.08
48.08
48.08
48.08
48.08
48.08
48.08
48.08
48.08
48.08
48.08
48.08
48.08
48.08
48.08
48.08
48.08
48.08
48.08
48.08
48.08
48.08
48.08
48.08
48.08
48.08
48.08
48.08
48.08
48.08
48.08
48.08
48.08
48.08
48.08
48.08
48.08
48.08
48.08
48.08
48.08
48.08
48.08
48.08
48.08
48.08
48.08
48.08
48.08
48.08
48.08
48.08
48.08
48.08
48.08
48.08
48.08
48.08
48.08
48.08
48.08
48.08
48.08
48.08
48.08
48.08
48.08
48.08
48.08
48.08
48.08
48.08
48.08
48.08
48.08
48.08
48.08
48.08
48.08
48.08
48.08
48.08
48.08
48.08
48.08
48.08
48.08
48.08
48.08
48.08
48.08
48.08
48.08
48.08
48.08
48.08
48.08
48.08
48.08
48.08
48.08
48.08
48.08
48.08
48.08
48.08
48.08
48.08
48.08
48.08
48.08
48.08
48.08
48.08
48.08
48.08
48.08
48.08
48.08
48.08
48.08
48.08
48.08
48.08
48.08
48.08
48.08
48.08
48.08
48.08
48.08
48.08
48.08
48.08
48.08
48.08
48.08
48.08
48.08
48.08
48.08
48.08
48.08
48.08
48.08
48.08
48.08
48.08
48.08
48.08
48.08
48.08
48.08
48.08
48.08
48.08
48.08
48.08
48.08
48.08
48.08
48.08
48.08
48.08
48.08
48.08
48.08
48.08
48.08
48.08
48.08
48.08
48.08
48.08
48.08
48.08
48.08
48.08
48.08
48.08
48.08
48.08
48.08
48.08
48.08
48.08
48.08
48.08
48.08
48.08
48.08
48.08
48.08
48.08
48.08
48.08
48.08
48.08
48.08
48.08
48.08
48.08
48.08
48.08
48.08
48.08
48.08
48.08
48.08
48.08
48.08
48.08
48.08
48.08
48.08
48.08
48.08
48.08
48.08
48.08
48.08
48.08
48.08
48.08
48.08
48.08
48.08
48.08
48.08
48.08
48.08
48.08
48.08
48.08
48.08
48.08
48.08
48.08
48.08
48.08
48.08
48.08
48.08
48.08
48.08
48.08
48.08
48.08
48.08
48.08
48.08
48.08
48.08
48.08
48.08
48.08
48.08
48.08
48.08
48.08
48.08
48.08
48.08
48.08
48.08
48.08
48.08
48.08
48.08
48.08
48.08
48.08
48.08
48.08
48.08
48.08
48.08
48.08
48.08
48.08
48.08
48.08
48.08
48.08
48.08
48.08
48.08
48.08
48.08
48.08
48.08
48.08
48.08
48.08
48.08
48.08
48.08
48.08
48.08
48.08
48.08
48.08
48.08
48.08
48.08
48.08
48.08
48.08
48.08
48.08
48.08
48.08
48.08
48.08
48.08
48.08
48.08
48.08
48.08
48.08
48.08
48.08
48.08
48.08
48.08
48.08
48.08
48.08
48.08
48.08
48.08
48.08
48.08
48.08
48.08
48.08
48.08
48.08
48.08
48.08
48.08
48.08
48.08
48.08
48.08
48.08
48.08
48.08
48.08
48.08
48.08
48.08
48.08
48.08
48.08
48.08
48.08
48.08
48.08
48.08
48.08
48.08
48.08
48.08
48.08
48.08
48.08
48.08
48.08
48.08
48.08
48.08
48.08
48.08
48.08
48.08
48.08
48.08
48.08
48.08
48.08
48.08
48.08
48.08
48.08
48.08
48.08
48.08
48.08
48.08
48.08
48.08
48.08
48.08
48.08
48.08
48.08
48.08
48.08
48.08
48.08
48.08
48.08
48.08
48.08
48.08
48.08
48.08
48.08
48.08
48.08
48.08
48.08
48.08
48.08
48.08
48.08
48.08
48.08
48.08
48.08
48.08
48.08
48.08
48.08
48.08
48.08
48.08
48.08
48.08
48.08
48.08
48.08
48.08
48.08
48.08
48.08
48.08
48.08
48.08
48.08
48.08
48.08
48.08
48.08
48.08
48.08
48.08
48.08
48.08
48.08
48.08
48.08
48.08
48.08
48.08
48.08
48.08
48.08
48.08
48.08
48.08
48.08
48.08
48.08
48.08
48.08
48.08
48.08
48.08
48.08
48.08
48.08
48.08
48.08
48.08
48.08
48.08
48.08
48.08
48.08
48.08
48.08
48.08
48.08
48.08
48.08
48.08
48.08
48.08
48.08
48.08
48.08
48.08
48.08
48.08
48.08
48.08
48.08
48.08
48.08
48.08
48.08
48.08
48.08
48.08
48.08
48.08
48.08
48.08
48.08
48.08
48.08
48.08
48.08
48.08
48.08
48.08
48.08
48.08
48.08
48.08
48.08
48.08
48.08
48.08
48.08
48.08
48.08
48.08
48.08
48.08
48.08
48.08
48.08
48.08
48.08
48.08
48.08
48.08
48.08
48.08
48.08
48.08
48.08
48.08
48.08
48.08
48.08
48.08
48.08
48.08
48.08
48.08
48.08
48.08
48.08
48.08
48.08
48.08
48.08
48.08
48.08
48.08
48.08
48.08
48.08
48.08
48.08
48.08
48.08
48.08
48.08
48.08
48.08
48.08
48.08
48.08
48.08
48.08
48.08
48.08
48.08
48.08
48.08
48.08
48.08
48.08
48.08
48.08
48.08
48.08
48.08
48.08
48.08
48.08
48.08
48.08
48.08
48.08
48.08
48.08
48.08
48.08
48.08
48.08
48.08
48.08
48.08
48.08
48.08
48.08
48.08
48.08
48.08
48.08
48.08
48.08
48.08
48.08
48.08
48.08
48.08
48.08
48.08
48.08
48.08
48.08
48.08
48.08
48.08
48.08
48.08
48.08
48.08
48.08
48.08
48.08
48.08
48.08
48.08
48.08
48.08
48.08
48.08
48.08
48.08
48.08
48.08
48.08
48.08
48.08
48.08
48.08
48.08
48.08
48.08
48.08
48.08
48.08
48.08
48.08
48.08
48.08
48.08
48.08
48.08
48.08
48.08
48.08
48.08
48.08
48.08
48.08
48.08
48.08
48.08
48.08
48.08
48.08
48.08
48.08
48.08
48.08
48.08
48.08
48.08
48.08
48.08
48.08
48.08
48.08
48.08
48.08
48.08
48.08
48.08
48.08
48.08
48.08
48.08
48.08
48.08
48.08
48.08
48.08
48.08
48.08
48.08
48.08
48.08
48.08
48.08
48.08
48.08
48.08
48.08
48.08
48.08
48.08
48.08
48.08
48.08
48.08
48.08
48.08
48.08
48.08
48.08
48.08
48.08
48.08
48.08
48.08
48.08
48.08
48.08
48.08
48.08
48.08
48.08
48.08
48.08
48.08
48.08
48.08
48.08
48.08
48.08
48.08
48.08
48.08
48.08
48.08
48.08
48.08
48.08
48.08
48.08
48.08
48.08
48.08
48.08
48.08
48.08
48.08
48.08
48.08
48.08
48.08
48.08
48.08
48.08
48.08
48.08
48.08
48.08
48.08
48.08
48.08
48.08
48.08
48.08
48.08
48.08
48.08
48.08
48.08
48.08
48.08
48.08
48.08
48.08
48.08
48.08
48.08
48.08
48.08
48.08
48.08
48.08
48.08
48.08
48.08
48.08
48.08
48.08
48.08
48.08
48.08
48.08
48.08
48.08
48.08
48.08
48.08
48.08
48.08
48.08
48.08
48.08
48.08
48.08
48.08
48.08
48.08
48.08
48.08
48.08
48.08
48.08
48.08
48.08
48.08
48.08
48.08
48.08
48.08
48.08
48.08
48.08
48.08
48.08
48.08
48.08
48.08
48.08
48.08
48.08
48.08
48.08
48.08
48.08
48.08
48.08
48.08
48.08
48.08
48.08
48.08
48.08
48.08
48.08
48.08
48.08
48.08
48.08
48.08
48.08
48.08
48.08
48.08
48.08
48.08
48.08
48.08
48.08
48.08
48.08
48.08
48.08
48.08
48.08
48.08
48.08
48.08
48.08
48.08
48.08
48.08
48.08
48.08
48.08
48.08
48.08
48.08
48.08
48.08
48.08
48.08
48.08
48.08
48.08
48.08
48.08
48.08
48.08
48.08
48.08
48.08
48.08
48.08
48.08
48.08
48.08
48.08
48.08
48.08
48.08
48.08
48.08
48.08
48.08
48.08
48.08
48.08
48.08
48.08
48.08
48.08
48.08
48.08
48.08
48.08
48.08
48.08
48.08
48.08
48.08
48.08
48.08
48.08
48.08
48.08
48.08
48.08
48.08
48.08
48.08
48.08
48.08
48.08
48.08
48.08
48.08
48.08
48.08
48.08
48.08
48.08
48.08
48.08
48.08
48.08
48.08
48.08
48.08
48.08
48.08
48.08
48.08
48.08
48.08
48.08
48.08
48.08
48.08
48.08
48.08
48.08
48.08
48.08
48.08
48.08
48.08
48.08
48.08
48.08
48.08
48.08
48.08
48.08
48.08
48.08
48.08
48.08
48.08
48.08
48.08
48.08
48.08
48.08
48.08
48.08
48.08
48.08
48.08
48.08
48.08
48.08
48.08
48.08
48.08
48.08
48.08
48.08
48.08
48.08
48.08
48.08
48.08
48.08
48.08
48.08
48.08
48.08
48.08
48.08
48.08
48.08
48.08
48.08
48.08
48.08
48.08
48.08
48.08
48.08
48.08
48.08
48.08
48.08
48.08
48.08
48.08
48.08
48.08
48.08
48.08
48.08
48.08
48.08
48.08
48.08
48.08
48.08
48.08
48.08
48.08
48.08
48.08
48.08
48.08
48.08
48.08
48.08
48.08
48.08
48.08
48.08
48.08
48.08
48.08
48.08
48.08
48.08
48.08
48.08
48.08
48.08
48.08
48.08
48.08
48.08
48.08
48.08
48.08
48.08
48.08
48.08
48.08
48.08
48.08
48.08
48.08
48.08
48.08
48.08
48.08
48.08
48.08
48.08
48.08
48.08
48.08
48.08
48.08
48.08
48.08
48.08
48.08
48.08
48.08
48.08
48.08
48.08
48.08
48.08
48.08
48.08
48.08
48.08
48.08
48.08
48.08
48.08
48.08
48.08
48.08
48.08
48.08
48.08
48.08
48.08
48.08
48.08
48.08
48.08
48.08
48.08
48.08
48.08
48.08
48.08
48.08
48.08
48.08
48.08
48.08
48.08
48.08
48.08
48.08
48.08
48.08
48.08
48.08
48.08
48.08
48.08
48.08
48.08
48.08
48.08
48.08
48.08
48.08
48.08
48.08
48.08
48.08
48.08
48.08
48.08
48.08
48.08
48.08
48.08
48.08
48.08
48.08
48.08
48.08
48.08
48.08
48.08
48.08
48.08
48.08
48.08
48.08
48.08
48.08
48.08
48.08
48.08
48.08
48.08
48.08
48.08
48.08
48.08
48.08
48.08
48.08
48.08
48.08
48.08
48.08
48.08
48.08
48.08
48.08
48.08
48.08
48.08
48.08
48.08
48.08
48.08
48.08
48.08
48.08
48.08
48.08
48.08
48.08
48.08
48.08
48.08
48.08
48.08
48.08
48.08
48.08
48.08
48.08
48.08
48.08
48.08
48.08
48.08
48.08
48.08
48.08
48.08
48.08
48.08
48.08
48.08
48.08
48.08
48.08
48.08
48.08
48.08
48.08
48.08
48.08
48.08
48.08
48.08
48.08
48.08
48.08
48.08
48.08
48.08
48.08
48.08
48.08
48.08
48.08
48.08
48.08
48.08
48.08
48.08
48.08
48.08
48.08
48.08
48.08
48.08
48.08
48.08
48.08
48.08
48.08
48.08
48.08
48.08
48.08
48.08
48.08
48.08
48.08
48.08
48.08
48.08
48.08
48.08
48.08
48.08
48.08
48.08
48.08
48.08
48.08
48.08
48.08
48.08
48.08
48.08
48.08
48.08
48.08
48.08
48.08
48.08
48.08
48.08
48.08
48.08
48.08
48.08
48.08
48.08
48.08
48.08
48.08
48.08
48.08
48.08
48.08
48.08
48.08
48.08
48.08
48.08
48.08
48.08
48.08
48.08
48.08
48.08
48.08
48.08
48.08
48.08
48.08
48.08
48.08
48.08
48.08
48.08
48.08
48.08
48.08
48.08
48.08
48.08
48.08
48.08
48.08
48.08
48.08
48.08
48.08
48.08
48.08
48.08
48.08
48.08
48.08
48.08
48.08
48.08
48.08
48.08
48.08
48.08
48.08
48.08
48.08
48.08
48.08
48.08
48.08
48.08
48.08
48.08
48.08
48.08
48.08
48.08
48.08
48.08
48.08
48.08
48.08
48.08
48.08
48.08
48.08
48.08
48.08
48.08
48.08
48.08
48.08
48.08
48.08
48.08
48.08
48.08
48.08
48.08
48.08
48.08
48.08
48.08
48.08
48.08
48.08
48.08
48.08
48.08
48.08
48.08
48.08
48.08
48.08
48.08
48.08
48.08
48.08
48.08
48.08
48.08
48.08
48.08
48.08
48.08
48.08
48.08
48.08
48.08
48.08
48.08
48.08
48.08
48.08
48.08
48.08
48.08
48.08
48.08
48.08
48.08
48.08
48.08
48.08
48.08
48.08
48.08
48.08
48.08
48.08
48.08
48.08
48.08
48.08
48.08
48.08
48.08
48.08
48.08
48.08
48.08
48.08
48.08
48.08
48.08
48.08
48.08
48.08
48.08
48.08
48.08
48.08
48.08
48.08
48.08
48.08
48.08
48.08
48.08
48.08
48.08
48.08
48.08
48.08
48.08
48.08
48.08
48.08
48.08
48.08
48.08
48.08
48.08
48.08
48.08
48.08
48.08
48.08
48.08
48.08
48.08
48.08
48.08
48.08
48.08
48.08
48.08
48.08
48.08
48.08
48.08
48.08
48.08
48.08
48.08
48.08
48.08
48.08
48.08
48.08
48.08
48.08
48.08
48.08
48.08
48.08
48.08
48.08
48.08
48.08
48.08
48.08
48.08
48.08
48.08
48.08
48.08
48.08
48.08
48.08
48.08
48.08
48.08
48.08
48.08
48.08
48.08
48.08
48.08
48.08
48.08
48.08
48.08
48.08
48.08
48.08
48.08
48.08
48.08
48.08
48.08
48.08
48.08
48.08
48.08
48.08
48.08
48.08
48.08
48.08
48.08
48.08
48.08
48.08
48.08
48.08
48.08
48.08
48.08
48.08
48.08
48.08
48.08
48.08
48.08
48.08
48.08
48.08
48.08
48.08
48.08
48.08
48.08
48.08
48.08
48.08
48.08
48.08
48.08
48.08
48.08
48.08
48.08
48.08
48.08
48.08
48.08
48.08
48.08
48.08
48.08
48.08
48.08
48.08
48.08
48.08
48.08
48.08
48.08
48.08
48.08
48.08
48.08
48.08
48.08
48.08
48.08
48.08
48.08
48.08
48.08
48.08
48.08
48.08
48.08
48.08
48.08
48.08
48.08
48.08
48.08
48.08
48.08
48.08
48.08
48.08
48.08
48.08
48.08
48.08
48.08
48.08
48.08
48.08
48.08
48.08
48.08
48.08
48.08
48.08
48.08
48.08
48.08
48.08
48.08
48.08
48.08
48.08
48.08
48.08
48.08
48.08
48.08
48.08
48.08
48.08
48.08
48.08
48.08
48.08
48.08
48.08
48.08
48.08
48.08
48.08
48.08
48.08
48.08
48.08
48.08
48.08
48.08
48.08
48.08
48.08
48.08
48.08
48.08
48.08
48.08
48.08
48.08
48.08
48.08
48.08
48.08
48.08
48.08
48.08
48.08
48.08
48.08
48.08
48.08
48.08
48.08
48.08
48.08
48.08
48.08
48.08
48.08
48.08
48.08
48.08
48.08
48.08
48.08
48.08
48.08
48.08
48.08
48.08
48.08
48.08
48.08
48.08
48.08
48.08
48.08
48.08
48.08
48.08
48.08
48.08
48.08
48.08
48.08
48.08
48.08
48.08
48.08
48.08
48.08
48.08
48.08
48.08
48.08
48.08
48.08
48.08
48.08
48.08
48.08
48.08
48.08
48.08
48.08
48.08
48.08
48.08
48.08
48.08
48.08
48.08
48.08
48.08
48.08
48.08
48.08
48.08
48.08
48.08
48.08
48.08
48.08
48.08
48.08
48.08
48.08
48.08
48.08
48.08
48.08
48.08
48.08
48.08
48.08
48.08
48.08
48.08
48.08
48.08
48.08
48.08
48.08
48.08
48.08
48.08
48.08
48.08
48.08
48.08
48.08
48.08
48.08
48.08
48.08
48.08
48.08
48.08
48.08
48.08
48.08
48.08
48.08
48.08
48.08
48.08
48.08
48.08
48.08
48.08
48.08
48.08
48.08
48.08
48.08
48.08
48.08
48.08
48.08
48.08
48.08
48.08
48.08
48.08
48.08
48.08
48.08
48.08
48.08
48.08
48.08
48.08
48.08
48.08
48.08
48.08
48.08
48.08
48.08
48.08
48.08
48.08
48.08
48.08
48.08
48.08
48.08
48.08
48.08
48.08
48.08
48.08
48.08
48.08
48.08
48.08
48.08
48.08
48.08
48.08
48.08
48.08
48.08
48.08
48.08
48.08
48.08
48.08
48.08
48.08
48.08
48.08
48.08
48.08
48.08
48.08
48.08
48.08
48.08
48.08
48.08
48.08
48.08
48.08
48.08
48.08
48.08
48.08
48.08
48.08
48.08
48.08
48.08
48.08
48.08
48.08
48.08
48.08
48.08
48.08
48.08
48.08
48.08
48.08
48.08
48.08
48.08
48.08
48.08
48.08
48.08
48.08
48.08
48.08
48.08
48.08
48.08
48.08
48.08
48.08
48.08
48.08
48.08
48.08
48.08
48.08
48.08
48.08
48.08
48.08
48.08
48.08
48.08
48.08
48.08
48.08
48.08
48.08
48.08
48.08
48.08
48.08
48.08
48.08
48.08
48.08
48.08
48.08
48.08
48.08
48.08
48.08
48.08
48.08
48.08
48.08
48.08
48.08
48.08
48.08
48.08
48.08
48.08
48.08
48.08
48.08
48.08
48.08
48.08
48.08
48.08
48.08
48.08
48.08
48.08
48.08
48.08
48.08
48.08
48.08
48.08
48.08
48.08
48.08
48.08
48.08
48.08
48.08
48.08
48.08
48.08
48.08
48.08
48.08
48.08
48.08
48.08
48.08
48.08
48.08
48.08
48.08
48.08
48.08
48.08
48.08
48.08
48.08
48.08
48.08
48.08
48.08
48.08
48.08
48.08
48.08
48.08
48.08
48.08
48.08
48.08
48.08
48.08
48.08
48.08
48.08
48.08
48.08
48.08
48.08
48.08
48.08
48.08
48.08
48.08
48.08
48.08
48.08
48.08
48.08
48.08
48.08
48.08
48.08
48.08
48.08
48.08
48.08
48.08
48.08
48.08
48.08
48.08
48.08
48.08
48.08
48.08
48.08
48.08
48.08
48.08
48.08
48.08
48.08
48.08
48.08
48.08
48.08
48.08
48.08
48.08
48.08
48.08
48.08
48.08
48.08
48.08
48.08
48.08
48.08
48.08
48.08
48.08
48.08
48.08
48.08
48.08
48.08
48.08
48.08
48.08
48.08
48.08
48.08
48.08
48.08
48.08
48.08
48.08
48.08
48.08
48.08
48.08
48.08
48.08
48.08
48.08
48.08
48.08
48.08
48.08
48.08
48.08
48.08
48.08
48.08
48.08
48.08
48.08
48.08
48.08
48.08
48.08
48.08
48.08
48.08
48.08
48.08
48.08
48.08
48.08
48.08
48.08
48.08
48.08
48.08
48.08
48.08
48.08
48.08
48.08
48.08
48.08
48.08
48.08
48.08
48.08
48.08
48.08
48.08
48.08
48.08
48.08
48.08
48.08
48.08
48.08
48.08
48.08
48.08
48.08
48.08
48.08
48.08
48.08
48.08
48.08
48.08
48.08
48.08
48.08
48.08
48.08
48.08
48.08
48.08
48.08
48.08
48.08
48.08
48.08
48.08
48.08
48.08
48.08
48.08
48.08
48.08
48.08
48.08
48.08
48.08
48.08
48.08
48.08
48.08
48.08
48.08
48.08
48.08
48.08
48.08
48.08
48.08
48.08
48.08
48.08
48.08
48.08
48.08
48.08
48.08
48.08
48.08
48.08
48.08
48.08
48.08
48.08
48.08
48.08
48.08
48.08
48.08
48.08
48.08
48.08
48.08
48.08
48.08
48.08
48.08
48.08
48.08
48.08
48.08
48.08
48.08
48.08
48.08
48.08
48.08
48.08
48.08
48.08
48.08
48.08
48.08
48.08
48.08
48.08
48.08
48.08
48.08
48.08
48.08
48.08
48.08
48.08
48.08
48.08
48.08
48.08
48.08
48.08
48.08
48.08
48.08
48.08
48.08
48.08
48.08
48.08
48.08
48.08
48.08
48.08
48.08
48.08
48.08
48.08
48.08
48.08
48.08
48.08
48.08
48.08
48.08
48.08
48.08
48.08
48.08
48.08
48.08
48.08
48.08
48.08
48.08
48.08
48.08
48.08
48.08
48.08
48.08
48.08
48.08
48.08
48.08
48.08
48.08
48.08
48.08
48.08
48.08
48.08
48.08
48.08
48.08
48.08
48.08
48.08
48.08
48.08
48.08
48.08
48.08
48.08
48.08
48.08
48.08
48.08
48.08
48.08
48.08
48.08
48.08
48.08
48.08
48.08
48.08
48.08
48.08
48.08
48.08
48.08
48.08
48.08
48.08
48.08
48.08
48.08
48.08
48.08
48.08
48.08
48.08
48.08
48.08
48.08
48.08
48.08
48.08
48.08
48.08
48.08
48.08
48.08
48.08
48.08
48.08
48.08
48.08
48.08
48.08
48.08
48.08
48.08
48.08
48.08
48.08
48.08
48.08
48.08
48.08
48.08
48.08
48.08
48.08
48.08
48.08
48.08
48.08
48.08
48.08
48.08
48.08
48.08
48.08
48.08
48.08
48.08
48.08
48.08
48.08
48.08
48.08
48.08
48.08
48.08
48.08
48.08
48.08
48.08
48.08
48.08
48.08
48.08
48.08
48.08
48.08
48.08
48.08
48.08
48.08
48.08
48.08
48.08
48.08
48.08
48.08
48.08
48.08
48.08
48.08
48.08
48.08
48.08
48.08
48.08
48.08
48.08
48.08
48.08
48.08
48.08
48.08
48.08
48.08
48.08
48.08
48.08
48.08
48.08
48.08
48.08
48.08
48.08
48.08
48.08
48.08
48.08
48.08
48.08
48.08
48.08
48.08
48.08
48.08
48.08
48.08
48.08
48.08
48.08
48.08
48.08
48.08
48.08
48.08
48.08
48.08
48.08
48.08
48.08
48.08
48.08
48.08
48.08
48.08
48.08
48.08
48.08
48.08
48.08
48.08
48.08
48.08
48.08
48.08
48.08
48.08
48.08
48.08
48.08
48.08
48.08
48.08
48.08
48.08
48.08
48.08
48.08
48.08
48.08
48.08
48.08
48.08
48.08
48.08
48.08
48.08
48.08
48.08
48.08
48.08
48.08
48.08
48.08
48.08
48.08
48.08
48.08
48.08
48.08
48.08
48.08
48.08
48.08
48.08
48.08
48.08
48.08
48.08
48.08
48.08
48.08
48.08
48.08
48.08
48.08
48.08
48.08
48.08
48.08
48.08
48.08
48.08
48.08
48.08
48.08
48.08
48.08
48.08
48.08
48.08
48.08
48.08
48.08
48.08
48.08
48.08
48.08
48.08
48.08
48.08
48.08
48.08
48.08
48.08
48.08
48.08
48.08
48.08
48.08
48.08
48.08
48.08
48.08
48.08
48.08
48.08
48.08
48.08
48.08
48.08
48.08
48.08
48.08
48.08
48.08
48.08
48.08
48.08
48.08
48.08
48.08
48.08
48.08
48.08
48.08
48.08
48.08
48.08
48.08
48.08
48.08
48.08
48.08
48.08
48.08
48.08
48.08
48.08
48.08
48.08
48.08
48.08
48.08
48.08
48.08
48.08
48.08
48.08
48.08
48.08
48.08
48.08
48.08
48.08
48.08
48.08
48.08
48.08
48.08
48.08
48.08
48.08
48.08
48.08
48.08
48.08
48.08
48.08
48.08
48.08
48.08
48.08
48.08
48.08
48.08
48.08
48.08
48.08
48.08
48.08
48.08
48.08
48.08
48.08
48.08
48.08
48.08
48.08
48.08
48.08
48.08
48.08
48.08
48.08
48.08
48.08
48.08
48.08
48.08
48.08
48.08
48.08
48.08
48.08
48.08
48.08
48.08
48.08
48.08
48.08
48.08
48.08
48.08
48.08
48.08
48.08
48.08
48.08
48.08
48.08
48.08
48.08
48.08
48.08
48.08
48.08
48.08
48.08
48.08
48.08
48.08
48.08
48.08
48.08
48.08
48.08
48.08
48.08
48.08
48.08
48.08
48.08
48.08
48.08
48.08
48.08
48.08
48.08
48.08
48.08
48.08
48.08
48.08
48.08
48.08
48.08
48.08
48.08
48.08
48.08
48.08
48.08
48.08
48.08
48.08
48.08
48.08
48.08
48.08
48.08
48.08
48.08
48.08
48.08
48.08
48.08
48.08
48.08
48.08
48.08
48.08
48.08
48.08
48.08
48.08
48.08
48.08
48.08
48.08
48.08
48.08
48.08
48.08
48.08
48.08
48.08
48.08
48.08
48.08
48.08
48.08
48.08
48.08
48.08
48.08
48.08
48.08
48.08
48.08
48.08
48.08
48.08
48.08
48.08
48.08
48.08
48.08
48.08
48.08
48.08
48.08
48.08
48.08
48.08
48.08
48.08
48.08
48.08
48.08
48.08
48.08
48.08
48.08
48.08
48.08
48.08
48.08
48.08
48.08
48.08
48.08
48.08
48.08
48.08
48.08
48.08
48.08
48.08
48.08
48.08
48.08
48.08
48.08
48.08
48.08
48.08
48.08
48.08
48.08
48.08
48.08
48.08
48.08
48.08
48.08
48.08
48.08
48.08
48.08
48.08
48.08
48.08
48.08
48.08
48.08
48.08
48.08
48.08
48.08
48.08
48.08
48.08
48.08
48.08
48.08
48.08
48.08
48.08
48.08
48.08
48.08
48.08
48.08
48.08
48.08
48.08
48.08
48.08
48.08
48.08
48.08
48.08
